46592
64187
1222
9601
64657
38284
30275
29632
46108
52692
46150
21926
48119
29979
14568
40324
54116
40356
17281
62681
50299
10305
40155
34163
50628
1446
2345
45700
9495
13662
30740
4582
28795
22901
34064
7429
38313
64867
7847
49315
25667
5339
41215
59494
41657
25742
31346
57819
28585
26410
42842
24562
579
17699
16369
36514
24979
53595
46860
62558
19748
26806
46682
26276
5934
35477
9094
36477
29192
1232
25701
64344
23992
25370
32490
36063
14307
49166
63104
45304
1514
10696
917
6330
3939
5378
56894
51192
50161
11423
45477
52471
17379
32874
32320
13259
7221
18687
48186
32864
21962
18577
12532
56864
43634
9362
53636
25129
59742
54254
7134
63488
34244
37902
24540
32348
15991
30025
35921
1116
25022
59721
14728
11761
38556
19464
36284
23039
20907
56910
57299
60545
18546
22373
34053
62724
49290
5981
19877
35821
32904
9133
57222
37412
17772
49687
20690
50276
55534
35023
20393
14477
31035
44095
24744
44450
537
51671
42057
35105
55326
18619
26512
50260
45312
1311
820
25651
1525
32217
9423
48366
59276
19788
12940
47418
33448
50172
41626
35708
30115
62311
42982
40455
63553
4135
48162
46617
17020
33446
18256
7530
53774
16919
54875
15914
34576
44727
6059
34665
47425
20961
48497
10889
41917
64925
46346
28520
59599
17730
4192
817
42101
18033
62699
61151
1918
2331
49933
23839
55325
13981
914
13714
23650
42938
1736
60283
6382
61275
15570
59985
48968
63737
22582
26933
34030
30102
9732
25022
39867
54607
35049
5299
28389
7793
14859
15018
47787
2392
23099
25915
16741
23316
43924
33260
19433
50037
42539
6177
59061
18053
56563
6624
54771
63877
8781
45573
2512
8354
4185
50142
18377
20700
32790
5785
11695
29082
48694
54363
26058
26356
3337
59312
10657
59746
4872
19600
12236
62853
64663
62111
4711
12041
20715
52930
44011
12536
13491
4399
63815
48119
13479
42139
46800
60517
52594
35233
13153
36709
2333
55595
5983
33419
29480
10115
3300
65196
50996
14965
6413
16258
33263
64864
58630
10025
31692
61618
23898
2823
127
64904
45258
36578
12347
15259
27163
24477
38842
24179
52215
20771
48480
53362
47014
12022
17254
3450
53468
52413
17507
17817
42754
12374
49135
18681
59567
10663
33679
62178
54690
14809
43050
55561
42934
13341
57588
45051
47462
45535
52585
17507
4472
64394
53177
58516
19668
55803
37752
52513
53934
23508
10311
28704
55497
45354
308
63341
6070
6102
9912
2395
38422
28478
50647
55887
42925
29729
1587
55278
63189
10145
43585
33075
5513
20813
39715
13527
58444
62972
50374
13002
59857
40310
57705
45173
9160
13149
19782
34926
41148
38060
12035
46942
25016
38619
7842
57122
14831
45174
40643
29026
6124
53477
51669
53716
57359
22188
20996
49232
41178
9391
40498
6799
57315
20547
23438
38511
20261
49008
12708
28318
49101
53461
33037
14025
19949
4448
49897
42991
51636
24582
33729
21408
25489
14506
18193
54316
49857
17924
19546
27070
28141
41675
4835
36949
56715
13508
10536
10612
37952
25854
55245
28115
11382
51141
18686
14454
47165
28855
7055
64592
64387
7279
49288
6639
42237
46433
26825
31184
33227
13667
45795
37998
55251
29885
13841
6347
19530
4929
43446
32660
33836
35753
59466
16983
40162
28104
50228
32158
41224
13628
25681
14479
47507
49238
10141
50997
25531
55901
23358
975
53598
60697
1862
55839
35055
54358
56268
41842
44382
4751
44346
36275
12841
42256
47799
4395
56819
20248
10219
51771
60229
3046
4872
50210
29979
5815
42131
58010
41121
35395
30377
1901
43090
28492
2367
23006
60407
24451
26313
42393
58773
57319
5272
45222
8994
49087
21199
8521
94
8171
9448
45163
312
3457
44021
61746
7351
39735
51964
36137
38856
10882
37578
64491
59325
45192
30921
8178
29484
34810
17194
56930
32297
10160
61190
28504
33312
31521
43637
24038
6847
48518
34854
46289
24108
32474
33548
50458
18361
52091
8782
4213
1932
30654
59241
53571
55181
335
13637
9907
1172
50159
36423
17348
23197
57180
38006
62953
6601
56434
51388
8629
8379
8271
30842
19446
32048
37367
59967
10732
5768
35184
44751
26166
31869
31559
63977
4079
63521
43186
14761
28788
2868
65474
27515
39051
25491
57391
15613
51667
37596
33969
9718
52005
20243
48867
53569
12462
44239
43076
19651
2290
18425
3753
14207
14574
8802
8585
6090
423
43237
12250
62885
47713
44364
53432
34284
11101
42663
21273
38207
14090
30627
51090
56504
39336
44228
57889
6667
37751
18379
38341
46945
52780
934
61608
51458
56716
39467
61822
56891
25382
9194
56995
33744
18531
42894
59557
16214
16057
27468
28036
53210
63007
31861
9075
10218
21492
8476
27200
39744
41692
53973
25934
19898
54489
55630
46642
62856
50700
21746
25888
20126
7915
20099
59685
15569
18943
19800
19108
3027
39419
48288
65319
46030
35682
36140
39497
44492
14144
40662
34019
4049
60631
32585
7597
11413
15603
29993
32164
20922
60696
62448
25309
61460
37114
57051
52814
10122
22590
11763
49350
31400
50014
59469
20696
10214
57090
8095
27539
6145
44942
58422
54308
29659
6451
37607
2017
14631
43445
35143
13379
44708
47792
11642
22532
32262
54176
22163
26479
50753
35975
57029
4804
27661
25340
29278
54367
47910
36402
19229
44879
30877
22759
20512
34480
28758
31985
13454
63052
23900
26907
27621
56973
37018
57794
46841
29758
41905
38196
21081
10448
49352
45192
27283
32180
62454
20179
65050
9541
43571
30026
9450
20972
64553
51615
19505
57551
58300
1699
7668
3298
45349
33891
60107
29068
25387
46806
46052
34297
17584
63191
44675
4928
60333
1812
58805
60598
27105
49092
43999
55978
57786
62183
57776
61750
26801
42390
52191
46717
1974
980
45667
35421
4287
14739
54181
48425
59904
32681
10685
63455
53892
62522
169
54955
11356
11782
42836
29354
9628
12183
27646
43540
32223
25616
15365
6736
59854
31358
24716
22137
46018
16233
64113
4720
40954
24053
45403
59260
28368
15316
63752
28487
12062
54365
58944
42408
47698
39204
42912
34018
26896
24573
50830
23361
18084
22871
40921
26785
43438
58645
25253
26198
15584
63745
1209
63735
47755
10656
15982
63776
11331
26218
56132
35748
40042
9041
43058
14860
15677
9727
33551
30417
63244
2703
38991
3326
43348
1273
39675
1478
46878
32625
44984
12177
29244
13655
11159
3625
53584
60404
3152
64131
30177
12443
58857
18171
14556
46333
45945
35455
18480
18647
41619
46783
55056
47574
17532
19184
44779
25091
4747
2695
47255
6201
32146
56735
14039
59305
49122
27596
46233
10528
57278
8762
7415
46425
4704
30547
35059
12509
26299
45320
45508
21116
2262
19324
50706
19271
56235
29805
28549
38002
48502
16582
60484
45806
49751
11521
14385
29714
39077
50022
52089
41119
16925
37969
37511
42485
19196
61734
36297
42691
46304
33446
18762
20271
17521
4879
54351
39495
47012
62542
33474
598
25587
50804
62736
53542
45467
2900
16882
2802
2009
44397
47110
48322
51150
12959
17964
61381
31987
51927
59547
44190
7342
22491
26863
65160
1836
17003
45072
54320
3131
51645
60724
42484
25595
4480
62636
34007
52862
43112
44695
23886
46112
31100
59566
60203
35726
65046
49672
56006
12126
16670
35666
34103
30053
34373
58600
25681
57905
42528
7540
62797
60714
57864
2758
6374
64192
54474
29340
52111
4803
30795
29977
10802
55165
65411
38520
24145
24269
35095
939
8506
7979
48256
30222
53236
4182
2857
55197
29296
42827
9228
6973
61154
18671
50038
63018
55360
54061
17942
36928
45757
43759
42592
21401
9492
25361
61948
45137
47108
12040
64195
37378
32846
24604
30653
434
16799
44924
59149
51922
19396
61215
65038
13465
63018
22685
2326
60736
16817
22875
17661
2525
50418
51039
31088
38666
46388
34770
12568
13145
7403
8229
9036
53306
16826
33474
18242
14185
58910
53533
43585
48594
40966
17507
21943
32747
31835
1217
12180
12927
51620
21262
58079
33960
16417
610
10427
65495
3583
9287
40693
28714
12555
56267
8520
3505
15974
16241
415
46390
27456
53338
45688
34966
41136
29725
28926
51860
20392
48948
13061
60259
60003
15660
52182
43475
38112
56150
41481
17299
8307
38720
62671
48415
32068
38331
6149
53978
55813
9793
2293
40823
62583
23249
39255
7156
3802
33497
16368
29120
25920
20982
32193
31699
19511
60986
4262
36496
44719
50879
49345
43936
58748
30613
6448
5543
48600
17710
30422
60204
30657
54275
30056
8055
63390
47923
21511
7876
57889
50916
41828
26671
52309
8973
43055
56974
42638
64982
53681
59680
34100
21344
30195
20696
33116
45271
30504
9861
39400
37674
20844
44039
59347
11326
24724
61170
41658
30944
33737
26638
2178
42887
62634
59644
18971
27994
35225
31380
55833
28974
19177
37597
30339
58460
24948
29754
49160
34069
54901
18208
17401
64994
18719
63651
20013
6183
53757
28833
19131
52351
30596
54832
48964
33087
20031
22381
7881
61044
6655
62861
50162
11388
49345
55107
59995
32838
23525
29840
27279
62347
13503
57291
33655
45321
34634
33528
535
19100
52353
54723
25408
27034
24156
780
1236
12027
5505
52149
29598
35203
42215
33593
18871
43392
52766
4089
48745
13636
29134
57629
62839
1125
8133
48401
42804
37681
18580
51621
59091
35103
64714
53419
32598
7478
11073
21807
41897
47185
17756
52422
61919
24347
52529
12756
7862
29436
37707
3547
64396
37411
53163
10563
2080
31092
4238
53244
57579
2086
31049
21215
48446
63948
35008
21572
56126
49519
43392
60926
22056
42170
64000
46871
735
55825
57831
45958
49670
58664
17898
53000
21527
46195
7937
26931
23850
25577
18335
56161
35266
59457
58023
42072
61044
63064
32764
57503
61229
1553
16984
62685
33667
29647
48529
20589
14586
12637
1040
9413
13741
45874
41448
487
60177
27554
54381
54160
31698
7952
43561
36393
53199
11465
26930
30762
20335
58378
27962
56444
35595
36401
62346
48986
5531
47742
5596
2215
24988
57068
40324
20425
61125
45495
47979
54578
58486
61716
61112
14364
51800
12298
8254
35483
19605
53580
56329
44736
23980
37040
35016
31699
64316
58058
63211
22102
59365
25927
54019
26505
49217
35712
43193
60652
32406
26169
45512
38147
15998
46399
42729
10085
31069
35460
62465
55976
1162
27125
54577
32194
29900
38049
3068
45922
46682
47700
39672
55348
20297
40822
40759
10113
62072
61318
18843
24604
29887
56221
50033
38108
29657
49604
37205
13161
51272
47734
45530
20787
20373
61162
10989
23548
32052
14768
9636
47408
5118
5470
52326
14332
15110
57178
20323
32121
64740
10482
14169
29504
64086
15270
17132
59054
26359
12425
44981
52550
8873
29400
2469
22618
10900
15523
29198
10828
37809
26410
3960
37406
35964
45099
53427
55688
28307
38789
29921
3480
318
1562
30521
36261
42505
44393
60609
24297
5701
14291
62516
16351
38550
353
12518
44228
29149
51529
4421
6534
10779
4814
50316
11371
427
18761
45499
35505
21631
3327
45101
3348
7512
50572
59498
59492
2368
63693
7788
25986
39280
19296
46466
18314
9234
10043
17917
34277
33983
3849
25973
52582
8436
46793
55491
34629
37026
15660
55880
22899
59993
53893
17556
4342
62238
51948
8409
16339
30273
28420
28242
5117
59306
53889
37863
50871
25964
54979
13394
43855
53763
11123
30468
15475
23053
19630
61760
26442
27772
63178
25510
50973
17803
26817
27881
2536
22936
51405
6907
33254
32591
38913
9393
8314
59113
62260
20310
6042
4261
22079
39311
63223
52593
13267
49200
52460
17445
19825
24024
6171
16921
46383
37936
55413
12609
33669
61751
60668
46830
57226
13481
63905
44752
9462
5522
5564
17449
62014
3706
31450
53707
18330
11211
50303
52816
48777
33886
11954
57231
13921
21380
47841
42212
9760
3818
33513
25927
29699
32110
35194
33638
12577
65256
30591
63594
42958
23484
22578
38064
43079
38608
9012
65123
5405
8383
52611
22248
8551
14443
29235
48080
4898
18389
41430
1167
21932
13322
63155
54768
14345
14621
2980
30058
27148
24261
63192
25385
36772
29859
30727
16462
35822
62897
24106
41411
17194
5624
62178
17668
58631
31748
56401
28226
36006
60769
14548
43992
29388
12946
17925
40179
44602
8220
44166
54921
48923
32543
16467
27808
59969
15711
20515
46242
53483
6761
22952
25213
9971
64009
29447
27510
60710
9201
63309
440
64809
20795
64218
18508
59643
19165
59699
64335
28489
40005
3772
33143
57424
4988
2376
42250
27282
20634
29247
24919
7204
57671
1718
49335
33338
30397
3378
5270
54785
54635
24757
57118
2344
39266
62615
31497
20176
49715
40927
62512
52274
57377
51263
2320
24759
27613
4146
1132
13347
17795
24551
64875
19654
4016
39194
11671
33796
23625
37318
60870
1705
45678
54343
44829
15712
58419
21495
62075
43416
1883
12064
202
29045
33437
39213
34908
4928
55691
46608
30906
60317
20416
4230
38254
55909
49457
9221
31645
44633
36221
24462
56307
63588
38663
62432
46266
12737
51418
33963
36135
34288
34858
31917
23874
12109
56248
53138
39822
56475
58607
38103
11508
35898
49251
17524
58053
18445
50575
54207
10250
8441
60663
19978
14615
13057
26540
19559
8441
45422
63686
22962
1379
25951
47130
34568
28301
26351
41530
22581
521
31247
54368
37591
2379
33347
59349
9467
27628
11367
28635
17487
64829
51481
52052
33978
64189
32312
61579
6065
57217
26549
33308
50147
42528
240
51162
47781
49489
40128
19045
64607
26975
48471
1013
62248
60485
35465
55503
45412
60855
20167
22148
29987
36380
63006
22116
48998
16768
51195
54745
15217
23614
37385
13093
38266
34985
57548
36317
9242
8648
44945
42402
19625
57684
48505
36441
58129
7387
55006
35913
30974
36247
22866
33898
55743
2672
54100
35162
32614
53647
16348
5419
1311
49663
14073
40643
53920
56162
51414
8176
65347
19619
13527
17211
47296
30947
31907
50843
1142
30107
63377
58988
8747
21720
40972
39659
1891
60489
18088
7680
43506
62509
10075
38849
8931
12828
25137
16866
3826
45456
31295
40395
9069
47340
31209
4614
21558
33850
33539
772
30014
51406
2533
7300
15979
29925
31998
25850
32693
65122
46181
65255
4966
16950
55114
21981
22911
29973
58733
18923
22545
56342
18984
44193
52355
64229
43571
49946
51270
3009
61089
14562
54207
64919
43919
64498
60258
54411
49478
23346
6255
15232
10221
47768
30607
55200
31264
35600
30519
42041
7799
31798
11559
19259
3383
9142
16694
16365
39546
28034
62114
58395
30779
59744
49192
26133
13101
37408
49379
26169
47926
39138
32771
1747
24944
30667
24309
28666
64341
31636
959
19522
16927
48760
886
31078
55344
27115
54823
25442
47370
62188
45369
61222
60700
57174
23274
52872
44480
46447
35836
51011
20846
49700
24395
15710
18603
60051
28965
60402
43967
19092
11553
35065
44087
49211
55258
24297
5524
1111
52753
7298
41724
42334
23302
1537
40441
15900
16420
50540
8488
61229
22272
43045
45812
23278
38958
41043
17565
51861
46072
49110
6889
24965
29098
39387
46219
17742
19805
28346
28726
54739
38643
50507
56936
44520
26071
3079
17096
24920
32778
40101
37788
18052
16015
32194
7249
3874
8526
6262
63557
18997
14306
51987
42347
59512
34513
28600
35035
37172
55481
7225
4825
36752
58427
14947
14751
46161
47382
43737
54173
3543
5202
41880
22564
27757
37792
64425
12710
27555
65198
21124
58458
3791
45368
6332
14410
53095
64805
45908
35799
29592
30950
27125
48327
53927
9710
21489
20331
18385
11671
14172
54914
29527
21150
6738
8215
51365
51853
55125
28108
34918
55138
13453
28163
10719
32381
2311
51532
59531
8499
50445
47385
30147
31906
360
11114
33451
56533
30602
45124
35004
47708
16314
41554
32608
56288
23977
20878
59289
46877
21619
9833
9089
43057
44124
51863
37695
39848
25556
1111
37806
39282
13688
36379
43270
54524
21437
22764
51516
19364
49928
12427
37687
52838
16999
5777
274
35023
52315
8933
51549
38283
6684
42253
44354
4933
22232
20561
42062
627
54315
44487
31355
16685
14088
63542
38450
29920
17297
4043
19098
1317
20597
56261
10988
22393
3614
18506
7672
54085
58679
64304
37276
24722
53535
54604
50493
52437
32867
44046
5161
63392
19647
14792
56784
49260
34989
51097
52745
15773
55220
21365
2866
55138
4838
3283
10167
62954
19180
41958
38873
15538
7734
38839
6282
62585
2880
2005
43105
42185
65088
31747
62682
50504
54640
6326
62484
24801
22902
10052
39597
63600
30444
7650
34358
37841
52322
11054
9052
56677
44071
1028
25486
12674
62630
30320
56534
32538
62328
19087
4102
44395
24818
53115
12683
25121
16847
14446
55427
40908
42292
39425
21016
56595
11449
61999
29998
13434
40130
36130
59448
58046
19321
15704
4300
59783
46661
1401
54941
48363
18236
54707
516
65296
65440
2958
3512
34249
20638
15024
35717
64747
35356
64608
51591
9534
30482
50231
51332
56868
43411
65284
8433
14001
44252
40836
33537
50534
33638
6035
43867
33548
6328
3556
4546
39100
23669
46304
9569
43538
46162
57459
33790
34402
5992
2992
27120
11578
7467
46379
20767
16256
24312
28526
51502
19893
60321
60140
31516
43259
2579
7575
49886
5712
55832
39754
37447
56786
25093
40530
28219
31049
33940
10819
20893
41380
5370
61944
25972
41316
36663
9521
39661
52557
51596
16509
57151
29891
36972
15257
29284
53961
31279
42232
48437
53058
12741
5549
14672
12478
63915
64709
47586
10626
39112
44442
53302
37214
17406
22257
36304
14524
20263
39417
30844
23435
35140
48643
55002
37659
36924
26892
17992
45155
12950
39736
51622
35640
6059
50574
45917
10906
31471
57294
14607
17633
19335
40760
27658
14432
39050
30211
19406
31852
57968
64090
49030
37789
56658
14535
19652
39193
62570
23324
13621
12241
42818
54881
24223
27220
47989
64063
43207
61406
29668
36726
32707
24295
10024
4735
63266
39304
60484
47420
14267
7251
52424
40683
46725
51064
18694
18111
31625
7154
43946
54222
44130
3585
108
25217
53925
23187
46040
29954
46033
8710
19086
20204
35455
14005
64320
60879
36763
38060
43521
22858
53971
20623
5102
47006
45896
41417
20910
43078
61739
40584
1040
11823
26279
41516
62126
5159
22090
61399
63180
26911
51127
60988
14146
1094
17523
50782
56098
5082
5882
24709
62053
33398
57785
51207
52327
34390
27265
13091
54654
21081
1493
1841
19984
37423
23627
42563
20514
57301
53022
2287
6867
37118
35014
47366
6151
17719
3761
48940
34146
16900
47743
16788
47500
32415
59366
41973
12099
61064
28760
56360
31595
7632
37772
49791
10368
7548
986
31829
53897
30340
5021
49571
24891
55363
5480
59115
40187
18635
51294
62188
46169
9145
3188
65044
23972
25649
17432
112
47324
55758
27135
38063
48144
39834
28386
4874
62875
33112
25588
28928
40553
42772
2088
12731
2397
6887
49209
16927
19888
15905
55271
10807
55203
6857
11909
36572
13973
51747
28108
35318
53404
61830
28738
4085
916
36339
8361
3647
63745
38263
30239
31443
65332
1230
7408
30988
27874
31059
15129
32048
59285
34850
46382
59324
46759
15556
36105
36176
40608
238
54184
40949
31165
11625
8984
15809
27779
34467
24738
50724
40636
24536
23198
63165
56419
21210
44271
39042
25861
49527
45885
21161
38226
24129
29888
39053
31762
1357
43869
56901
62464
20614
56049
33880
36104
46887
60985
43151
37816
10802
53555
8230
27455
4510
56633
57719
26524
13497
48594
38951
30929
27879
24131
49604
32555
21038
54278
45411
43614
15740
33071
6639
5007
47960
32765
6157
64412
41727
65196
12479
1341
38952
31764
55518
5227
30955
51995
3561
33750
41921
41203
31281
21609
46070
63551
59406
13414
14996
18039
14573
31058
38965
59606
12490
52328
50753
6051
42130
39600
64858
26971
42168
49706
30787
36869
13540
17295
26552
39321
55452
25974
43414
62788
31496
2372
13771
45781
63509
28072
724
33737
16153
7300
33662
40607
52611
52358
50570
45488
12925
63566
44391
676
46615
24458
11444
57216
56975
32872
36786
56845
55326
60278
57250
35400
7764
38772
46465
5444
52493
43098
57275
5923
49500
29405
44769
20770
62435
34407
11998
40022
60680
47390
44209
26347
52181
15932
43349
41065
28868
50473
21267
5794
2668
12675
13202
41981
35074
16357
27706
19834
39809
6922
26944
28499
31744
40727
50877
17041
23736
36784
28747
34976
4762
65314
5052
46127
12661
23509
28646
60607
11970
15223
2683
17447
65376
56097
28880
8150
43093
8097
28738
29223
16118
33485
6461
61432
10345
2371
58537
64271
3777
63693
52276
53218
62033
22906
31646
29847
9004
15492
12616
33873
26855
41581
16330
54501
32793
38861
3833
64167
42472
37903
45344
13777
42139
18849
44838
33725
43106
18762
13510
35837
46230
7573
47696
23085
30345
48423
13465
14856
14092
28142
37811
20337
3710
56738
24059
24683
13153
24606
50526
47003
10431
59448
2232
35551
53999
34255
63686
12165
40550
31340
20512
58447
12179
28392
19876
42433
48238
1738
53685
27316
41771
8985
40437
8864
60549
11555
22014
46182
48928
60392
25460
10273
58187
51976
57692
47284
3691
21071
32762
9887
62189
30662
52225
46557
59328
46422
8059
28541
14461
34154
35163
48815
57553
26950
18342
17223
6525
36476
47250
45676
59069
57695
28250
5350
61050
3727
61680
25016
39726
38
40295
57335
50865
33236
32337
27571
22720
19645
16224
31828
59412
3634
60139
61055
11424
30167
44648
11618
3630
50870
50460
32471
9869
15668
840
18367
29116
12358
35069
64116
39848
41162
28729
44105
20987
52461
63212
45416
23477
55534
43034
955
4088
6454
26974
4782
25533
36143
28701
6714
60275
38235
60807
32909
19515
29631
32530
30366
6159
10828
64460
12697
35904
27014
15064
19797
12523
30926
44544
2923
44590
62285
47525
15135
2020
26420
15062
13406
48636
664
43554
51217
27911
36984
20248
45531
35892
51994
27289
36742
53771
3501
38530
51483
56321
28632
42149
3595
40136
28948
26466
89
13838
20851
14379
33365
37645
45141
3393
36567
58633
53536
7564
724
2379
10654
41035
49729
37901
28230
11342
58747
25830
58785
45115
24638
8771
16088
24755
56259
4672
46787
19180
21322
33402
58579
20479
45323
17840
56305
4077
542
59540
19837
63580
28113
48656
23524
5039
35142
6644
47437
65190
48756
18055
25551
19999
44715
29013
50579
47491
57454
58555
37575
12756
53032
2496
29526
7830
1341
30620
16719
53797
13955
36727
28912
50110
3686
2661
33513
44987
19019
26897
15971
43926
49740
18054
54672
56448
45182
17959
7798
33210
7620
16031
12659
43274
8960
42048
10500
16517
12965
17338
29032
30410
61750
34274
15654
63297
6069
38237
56023
39850
18780
27384
1035
36109
51895
33855
57902
31989
17246
38134
44966
59871
35194
3744
9993
10383
20304
50266
41632
58483
4907
5271
2473
48363
6614
59526
47386
45330
30546
475
10597
57689
12544
44560
31795
21102
37938
12757
37416
26992
46215
29427
9324
47891
10867
25091
23861
65485
9311
60245
61775
58141
30812
15856
4022
23909
61700
44224
1782
4916
41723
28507
4056
9242
51472
59641
46171
2826
53236
42049
8054
60506
49126
56556
49039
30411
46833
44013
59796
30454
20874
56137
5942
23622
40409
9020
22056
15734
63480
26046
4857
50620
10052
10172
34308
52371
32388
31485
16056
62872
5859
12377
3784
28078
32801
6909
34490
56202
13257
31147
19764
42332
34202
1547
32030
22714
48327
27443
27222
63066
2319
59053
23379
7690
30540
64013
65106
10647
15431
26998
21585
38067
15747
21722
4551
5395
53166
16689
50909
20125
5267
5116
40214
31945
8209
47379
57623
61760
16455
49243
35599
12776
8542
16869
20748
27397
32114
49745
45757
1535
5386
23097
45092
34897
35050
45430
12891
33010
39656
19762
29072
43728
23773
36189
5042
35291
62339
34413
15894
31387
6880
40593
10338
23591
23365
42253
53731
58961
27905
40527
39639
13189
15892
2814
41800
44095
17584
19159
50922
4757
41754
24816
54131
62511
16988
48464
35701
59743
39135
27290
11419
13952
48376
44434
27742
10728
39426
37448
15155
51852
21731
20311
35532
35485
56087
50638
57871
64407
14821
39856
44955
20289
12950
39503
9106
28858
53280
43177
25160
62118
54220
12163
15443
2447
11331
10375
19666
29799
26174
63075
38354
3720
62298
18706
64351
57168
6909
21097
35368
47423
34557
62147
23705
54859
16836
1995
27590
42531
2755
54996
17933
5864
34799
35931
50870
46673
48180
53902
42516
59868
31655
39926
23283
17797
19112
60741
64244
27414
9664
58546
57790
23905
22728
40427
7505
27702
36152
14887
18966
48260
5536
5156
27173
30099
48968
33423
47790
7471
59250
63555
57021
4891
34681
31641
21003
9321
30408
29857
51081
11182
23351
34842
20384
51172
1119
25128
14523
39628
7359
62229
2844
50718
55549
8473
42480
42414
16764
30638
57654
365
51784
65100
37998
11819
38937
26882
1968
11258
17436
1160
37311
46844
25323
34822
3166
14311
537
49320
20117
26169
47991
28895
40291
27663
43334
52907
64590
13359
15403
35921
6907
54051
48661
64737
53653
24034
48542
40250
23933
63517
1829
29147
59609
990
36070
21823
3181
34875
18814
35026
33192
38691
57560
55060
56781
32781
28473
1942
3109
22356
31808
45063
5890
65082
38339
59480
19497
44670
23403
40384
45809
46089
13611
12483
20414
43019
907
26711
41800
12508
36404
14155
60170
6598
35538
13359
48371
62240
53530
18082
59871
22274
47175
62016
582
15969
64309
50860
11631
28478
43708
182
10071
13190
15865
61817
31483
2792
20065
41236
24467
36206
56824
41480
54882
61964
35027
42051
48519
45406
56549
63981
57836
10776
27576
36917
45148
30731
28091
29197
58045
24831
60986
36361
29857
12581
9864
27154
47045
3431
42472
41691
41022
59570
8073
29011
18213
17577
47073
4258
19380
58019
45950
21301
42056
51406
50001
16337
48405
38506
24961
26720
30522
14802
54924
15775
58190
12667
25783
52554
64510
42717
39020
44572
25251
52484
62111
58837
18141
62772
44970
3214
28037
4169
46312
1315
22777
46093
6752
14241
10016
61026
7
10197
63139
64921
38890
37498
55116
35672
31735
28233
7986
63198
32726
30391
51629
6613
28891
27553
31847
22849
24725
20184
19522
45031
44402
28053
7570
12748
35099
29621
58283
42637
2445
39015
22791
43937
12462
53994
30167
5383
56065
4468
48284
19480
18558
30570
56822
24099
20409
31295
35897
32890
8916
18582
5847
37640
33769
44263
27575
48741
1010
46993
60166
42029
22406
619
30609
49466
24807
40370
58463
63104
31366
27186
15911
41001
2300
16952
1772
63474
58243
16821
49568
37307
46711
22723
48432
48099
59599
10814
59548
13041
35803
52502
15939
32041
32783
4633
35394
4433
53995
23601
41064
8363
48354
17846
36977
2172
60156
19928
48369
30924
33601
42127
33029
48428
46204
7407
1184
5914
34440
1232
7560
8357
61355
32871
26077
61191
6745
26646
44731
28942
62695
4498
28780
59793
3790
58061
65484
39974
58640
49176
62589
53042
52653
65261
814
17240
61670
24295
30016
39537
12943
62000
39257
57641
40549
55514
59731
23270
9250
14079
63480
47464
883
1776
28092
19869
51474
63140
48705
20151
50558
46414
49730
46366
20261
14986
55678
4427
19912
8032
41043
18567
40868
2456
64258
56305
2697
3805
16336
50808
2085
28144
34581
40388
50469
54402
42852
21971
54070
56979
37521
16415
3608
33979
47179
58234
2202
44999
47933
29097
32604
15774
16296
39313
4355
64563
25875
32922
7788
48866
47563
57851
50568
61457
11537
55182
30496
18374
56846
8969
34614
32490
12343
384
8457
33277
31777
35479
22407
21429
7121
21194
16660
15394
44536
51479
36501
14950
55860
30274
16775
55626
58278
37686
47187
22816
5519
9934
27304
42666
55518
7716
22066
20149
47211
20233
16043
47985
5612
36781
48862
45856
2567
41425
31659
41555
14415
34985
6685
34328
685
32739
28359
53068
57685
34158
33506
52983
64150
42955
54195
53173
54108
52559
44576
4236
58403
48852
54357
13732
30866
3920
4351
14999
55381
15051
56375
31524
51303
38812
25970
29187
56034
38317
56290
31970
17149
15973
38995
24604
24920
64925
18556
46901
33872
52791
41088
47193
22294
58558
39985
9142
49887
42220
31396
19318
3607
60868
23612
28869
26639
49091
35241
19957
51932
45918
45481
20400
53911
14417
59387
28486
24559
53707
29205
49508
15783
30021
51724
65060
39868
27455
3593
40139
47522
63296
61144
40434
8660
6372
15037
1350
7562
46890
16206
34
42693
56222
21848
10993
55952
32981
10711
44010
27679
10467
28152
31125
42324
37334
64364
7645
18515
41285
41248
20080
64208
2517
29671
28707
31874
22407
58960
26694
41204
26319
6031
19304
6255
53339
49897
34912
25966
23809
19454
6084
45854
3095
24729
9820
34610
55159
8932
17445
52446
64784
24316
44038
27048
54139
53585
523
17859
50777
22574
27036
27296
5724
13942
669
61903
28
30822
22049
63089
29252
33044
39264
31311
2005
47353
47803
16358
27677
63245
10263
27178
5131
18240
6960
21459
39362
7867
56994
31022
23664
24643
2301
39549
64738
3604
43223
59528
10341
29244
4523
15156
62571
28604
39846
2311
65374
42297
42057
16578
7012
57982
21015
53709
34725
1142
40245
53126
37235
46047
29155
50312
55651
25158
8877
14455
46738
39606
65206
14950
11527
47242
40885
13904
22683
775
14946
39761
54631
14375
63069
11428
44737
45191
36757
61226
26410
29161
30067
53926
17420
63876
27599
44814
51303
965
47394
19930
8054
40984
64686
47842
42114
64887
24860
25341
3401
23530
31695
56748
27053
49110
29242
3549
60098
31452
5083
22898
34465
29295
19650
33512
14903
39785
28797
35252
6248
19260
23475
22449
4912
26517
47699
51623
39256
52354
1230
20917
46900
25517
5923
29135
27537
52526
60469
9485
45384
22603
50649
61096
19106
38979
20962
16115
27464
39741
38178
43109
51493
45090
10817
37421
37292
32601
49825
45582
110
51922
38582
15830
29538
32609
18452
64619
33203
27772
36323
53516
51389
19564
15082
6046
26931
7631
55011
57476
61875
50316
10778
25673
11588
39936
62941
40195
51425
64149
21830
62373
25696
34956
19364
7235
40468
58443
12135
15342
18058
3847
30016
4038
51281
63573
56992
13565
8094
44934
60304
46989
33928
437
20980
26371
16755
56445
65145
63693
33671
45744
5356
62384
17888
25378
35386
41735
40649
3423
16502
43075
39425
42398
12506
6173
43316
35913
51089
46404
23889
34478
29912
48730
13807
4568
58746
48886
39039
34423
52619
56690
31956
2424
41604
38826
45324
63654
45264
51702
14638
53672
15295
7060
51212
27695
39164
36049
31950
31341
47388
21451
25521
21818
16699
34481
63133
8141
9405
15493
23662
51728
44477
59776
6450
44116
42384
18630
34761
44061
6244
17489
58143
39877
13928
1038
1096
58966
34263
51292
51196
27257
53815
195
23291
33429
39471
24565
24147
47634
46366
39000
58519
14274
16274
10903
1021
55416
49516
57461
287
47824
54400
29542
40864
16976
11982
40611
47760
36079
58029
49623
840
61033
26934
62010
23577
14713
53902
13896
14676
43966
27733
58009
24770
63087
43795
65217
12860
40981
63384
64995
56721
25243
45097
21042
57044
345
44555
47816
13467
44200
40441
2778
49185
30767
38041
24092
28541
50877
20990
43691
23267
13939
26754
47931
6457
27255
61048
20188
51800
45197
63235
17533
53368
39239
59331
55813
58105
5331
63107
34621
5266
62869
63130
26209
62235
4201
57553
23863
251
51499
40286
58403
13496
11602
62769
54073
50156
52677
51667
41466
28890
6563
55380
880
40540
54483
8190
24609
10851
29702
16238
59337
9390
15296
42494
30889
58147
19979
45837
30521
18599
45647
56361
39386
45951
28905
48487
14042
28291
14566
51129
35263
31267
38317
50997
50733
28750
25804
6591
27742
24179
11781
32095
54273
64463
59578
26443
4122
15803
3867
55555
22453
10408
6218
23274
54847
57423
19497
51880
57583
32124
40215
58091
59338
33062
53959
6300
19948
56388
56476
41741
35021
18325
59163
14290
16135
63255
40497
23433
34590
53301
29272
50621
11303
22
22693
35486
62252
50981
12884
53512
5915
16453
12120
18691
35855
58146
15622
19991
29737
8817
3806
17655
35415
17973
63295
60337
2125
2181
35198
51918
48911
26094
37368
64350
10992
62167
3104
64800
20226
8799
24053
18479
3857
39507
50304
47642
44097
41054
51624
34321
30252
8095
6574
11905
53858
53439
43401
31460
30039
55949
59448
49762
13328
19332
32590
8686
50012
9841
52103
56981
15060
19250
53451
53604
23766
16703
40524
1398
46126
8671
17223
55586
10633
29835
1020
56458
2416
30357
7326
10455
46205
51380
15816
4082
43506
63250
65415
19239
63142
29675
50565
27605
41342
61225
13504
27289
43526
4065
10612
9010
61218
25639
38666
9304
39326
25148
27616
65212
53957
59399
17447
41988
59565
11560
47608
6578
61976
21869
35153
58170
23028
3748
42353
58836
59344
2718
7640
61045
13840
61029
11451
27367
35406
1770
41689
49275
36379
56159
50663
6512
63749
33619
35650
40064
15916
33627
20617
5003
19028
15450
921
52893
16735
41007
19236
33292
34220
43055
11557
24923
40832
53098
59649
26457
28706
49611
1163
42591
31362
19105
44395
25758
37847
59035
38898
26495
34905
57247
447
4421
54480
33223
50481
13522
37873
22825
54220
55273
55337
58686
38073
35703
30267
16921
43605
50974
31926
48661
27167
32809
22182
36361
50655
26559
42633
1760
44946
12263
59505
15293
54266
30127
43242
14348
21901
30773
51368
30487
29624
19250
44211
47979
31893
24519
5827
6466
18954
59978
35624
21880
58087
10139
57393
42832
44326
53952
47024
19451
15433
13265
64844
6287
65090
16076
64792
36636
28267
56000
35961
48959
41266
62321
1329
3848
51360
45092
20088
42865
8644
36118
56319
46524
45502
4446
50468
41278
32483
5094
57804
12697
62327
36633
7204
62621
50140
44792
59851
56005
48781
20443
37203
28289
4171
32864
38178
33432
49044
44622
18654
4110
61325
3983
21645
59778
8246
9546
14170
10754
26827
10937
56550
60722
7470
4838
4691
6067
32989
54042
17743
15850
60775
64291
1564
7730
65454
39761
30661
36682
4852
47606
17880
11634
10984
55869
5970
50684
53969
33714
26888
25229
53238
14320
33079
39174
31902
43570
61465
13183
26553
26052
6319
31416
24529
56372
14265
7669
22135
17818
40755
25198
51196
64451
39152
35845
19168
24523
62812
15780
7723
47022
29249
25323
34611
19033
17094
25623
22923
52056
23642
22824
28630
36709
11670
26598
15803
10100
56077
49814
4860
46076
31883
65523
33169
19813
29079
64084
32028
15284
14508
38905
56627
54884
8057
62366
38488
59588
9741
18208
10939
30364
61796
50153
62753
881
13618
35564
14556
52187
32763
10722
35495
9999
24842
10720
43833
61078
60518
11823
19951
60910
18325
3643
18519
2899
10498
64504
4758
55532
44441
48786
24939
16819
8877
63659
34971
64137
2067
22331
37991
42432
44392
62342
64198
16557
6197
36045
1286
34602
60770
65215
49520
45969
41245
19742
19899
4507
21397
9586
34761
41827
16557
2443
54722
61521
11159
47776
29166
35237
32530
37501
60860
56993
9790
28386
59992
22105
15093
45408
4237
62998
17211
45988
23938
64640
45670
23435
60006
6730
63950
13325
29389
21625
35554
28115
21567
6576
34611
21725
25088
54849
25900
24008
17946
63982
55150
48617
56551
16557
48062
12994
57046
28028
37778
59661
42222
65050
1286
26199
1146
40868
32434
37796
19660
64042
21709
215
52271
23322
28928
47343
54915
42884
621
25565
52558
3793
61167
27895
54868
10174
11181
47645
48973
23475
36920
35024
33652
58075
18033
61693
18017
42349
10541
39499
42899
24323
21918
30109
40732
38775
61107
62077
44678
54382
49098
44128
60780
44795
39877
65454
12204
52367
14508
16150
20408
41298
62833
22664
10970
5900
43097
60249
31489
58932
59545
65447
56035
33297
32193
28613
37185
50129
58095
28637
28681
3835
25608
37907
6010
64107
63230
62158
15607
53104
58517
3396
27940
37947
53558
40109
57598
12906
6669
11360
60141
28061
33340
2377
49857
19400
14980
56189
56058
49377
43282
40879
48785
35924
27033
27150
53541
24635
38330
45839
17424
29553
62800
3757
34266
20385
37749
20654
16109
65236
56030
53724
15001
8104
42956
60424
3790
65516
12982
51840
56122
49563
47600
25462
33460
2549
60804
12795
33651
35943
17446
2300
17518
24265
7673
56125
52304
53530
26457
29706
24814
7151
58751
1319
18827
44289
30448
57945
41618
60544
64583
22028
60151
48821
55701
55092
17073
45017
46916
2896
35445
666
27011
31180
4095
55358
24834
3398
51995
25248
21891
60523
34713
49108
46187
42208
37515
29764
57795
30637
34513
54697
19184
1505
53666
30513
19980
60933
11262
20387
55722
48519
1530
58870
38181
7486
13556
402
11089
23280
55779
53663
44885
31939
43497
5308
57153
21419
36056
53321
32851
35014
60383
40607
6097
15412
23189
32233
40732
25523
19932
32969
27837
59739
60221
28124
46200
26737
14486
36587
43111
62654
62288
62209
17198
20831
30795
45986
4395
27623
36441
21361
19241
30997
48366
44946
16915
9903
35717
54297
24333
33623
34025
6586
57505
24318
55195
34748
29183
28094
41750
31549
53119
43265
27651
62516
55726
41224
20656
48120
55357
22634
44751
28651
48838
7443
17507
39062
10378
46185
64504
37092
31847
17135
38833
34319
26997
6487
9286
9690
15705
4499
23649
14775
43439
19537
2690
63800
31736
58137
41892
2118
52698
53818
11268
3330
59428
55706
24871
29068
48216
4319
52659
5607
40121
13306
1090
31152
1078
24123
47856
47897
31809
46156
55793
58408
20750
59151
44
34726
756
6810
19034
65501
38930
33607
52996
35173
55871
30783
52473
30478
35985
9198
50732
20666
85
51473
65209
33021
38049
33701
11143
25542
25742
53518
40349
58990
10450
10198
17197
16058
28560
46683
19906
34170
17416
36391
53832
43633
3214
12461
62400
25687
19158
38608
2303
35201
28439
28799
8411
60926
39957
55792
33502
15201
65339
4513
34161
42717
52853
39675
51565
23646
35845
34315
40599
33527
31056
31435
51435
63611
8843
26367
56284
2606
18689
56850
62302
15984
44579
992
19106
41607
2422
15126
25188
24424
54371
22346
27768
43944
17364
9986
9347
36663
22036
17494
15990
37358
1620
2113
1757
2077
39989
40730
40828
41680
28605
51346
39042
35930
65193
3254
13264
14180
41485
48868
55509
7968
49222
14498
40085
48463
53843
19999
65193
38311
45646
13822
23021
16744
17848
25445
2578
12410
61327
9476
63208
25304
11823
4979
24352
42041
9641
24070
11908
132
33645
5173
31725
55392
29003
29814
37199
34309
9985
46248
63658
10720
59473
24048
54157
30852
56500
17057
25783
11919
35618
59972
21469
50988
58005
33568
16345
52663
31921
33520
39622
28194
15953
65329
17173
347
3839
55708
35753
11806
10164
27797
26839
47849
26636
50790
49149
30243
21118
26278
43107
13686
16771
6198
3544
8166
15338
315
9386
30392
35746
33357
35615
19182
2689
31872
41756
57190
35358
9165
30448
30068
305
34294
31483
29352
22529
24316
21260
60816
170
36
53831
60341
40400
55145
8041
55358
5252
16290
59748
53224
43888
30530
6697
22330
37812
2442
27365
27339
5516
19843
40588
51670
61004
25714
12613
2285
27783
61387
48576
49198
56458
31367
47205
54664
41271
52216
62600
64370
17851
24674
32023
30271
12773
32482
61725
49443
57200
37291
57626
57225
18525
54992
46295
55917
14343
22971
50756
58237
34828
41346
32110
54300
39313
11182
63419
44070
26995
50913
51683
30388
62600
8880
42120
43408
42595
31424
32620
63926
52206
32884
41694
31524
26837
33080
43755
10284
61114
1291
61394
794
42072
39554
39878
34788
42164
26790
58236
8722
16466
11364
7476
38927
55078
5355
56741
36880
32679
10385
25421
26403
43001
30942
50044
59245
24684
140
55668
4916
56366
63391
33544
15759
33994
12536
24553
17187
30929
32614
62780
37984
37940
36699
44687
19029
62393
19340
58352
1760
60040
3775
33614
29663
25557
12682
44320
53837
55501
8387
64133
58690
11975
7727
63794
17591
45475
12788
61560
42034
52232
5510
15911
10495
22928
401
37560
36361
22506
7465
22008
32666
6587
48649
22760
31443
56093
62968
17026
12944
473
57557
29798
22807
23966
28522
21949
64139
15424
48519
26280
51923
5670
27642
22831
55815
21875
39201
54897
44870
18827
25447
64456
27352
40600
59415
60434
4227
47014
19647
49563
47529
32938
662
30056
7908
50600
24429
60718
37417
52319
14299
53846
16344
61442
1998
24130
60926
53507
43724
13008
47276
28733
49403
11864
44990
19156
51994
65488
10554
28001
17100
59224
62085
1941
36747
24761
56754
32726
38976
36110
64992
30305
53066
44819
63951
52192
16349
22135
23847
13828
14677
21135
41798
30732
27807
57346
45191
6989
29281
61382
39987
53053
56215
54346
36175
5930
53963
3123
12747
61497
30544
34019
10807
55949
6016
19003
65195
34515
12172
45380
41927
5205
6620
10331
50043
44307
270
50673
23563
43970
19445
48845
33732
48394
9826
12888
22586
26680
18388
20270
10281
36386
53220
4122
34299
3407
14731
39429
8813
21279
36486
15024
33139
4213
19764
54829
62192
4129
53759
8853
52301
45982
37684
54912
64132
27225
30830
7027
25933
32463
65127
25173
46809
25924
29344
41218
22340
51326
14591
1431
25297
31643
60787
4739
9560
15108
3650
42389
63351
25688
17948
45331
61951
2995
4203
63442
46460
48737
19513
16710
56623
58945
62305
36980
45677
53206
63989
36021
23943
26010
52744
40469
24565
32789
55219
9334
18310
20807
5459
37136
42744
46542
46591
12730
52502
48384
44397
56477
64333
19676
17845
54762
65259
38437
56983
47182
49246
59833
23459
38928
16533
8465
21639
18613
29189
2736
23066
41325
44857
26278
36983
56922
18522
55603
20523
6003
45640
39027
24369
2616
30806
26608
56196
46485
52416
86
62893
8042
50811
15507
48942
58789
19632
9856
20525
22993
56291
15945
28327
63904
42530
30514
20703
18878
45423
25710
33285
54833
7584
55208
58472
21764
28648
51978
9521
20815
58854
18426
9202
5612
22353
9463
6492
50344
64396
58868
1428
8439
39636
56792
52543
55249
55477
25382
44335
17001
41436
41029
26064
21096
37378
18094
55579
38145
51813
24261
20074
55970
3420
8577
14138
60256
39833
28802
3242
57575
51808
12846
43098
58878
21287
52433
41320
40319
9072
54119
39137
47037
56067
62200
46500
61820
1464
30408
40769
2914
32883
38345
12093
12366
56754
56230
33208
46224
14490
46339
36554
21431
56556
42978
40504
55062
55776
26762
42243
57366
52515
34567
28822
63392
29934
17385
50028
52018
23546
31277
40030
63768
58145
58031
35147
3063
10702
4468
28886
25173
45978
57495
54046
5610
60802
56830
22303
26587
56162
15000
8197
26403
44608
35273
64377
7635
61497
55356
62939
31779
27513
43215
19480
58990
16657
50913
27145
61662
35516
34117
39187
43369
53831
33487
64045
21183
2581
57061
14930
41318
7963
33843
19759
11139
50462
54176
8594
37949
34045
10358
19053
6447
4586
60951
42963
7056
26788
64126
12792
23435
39540
42182
46807
15161
30749
20176
1568
7124
40510
27321
10366
58207
59435
8857
41934
55192
46921
53555
55074
9285
11958
12068
23641
50160
54414
8108
25420
51751
34597
11580
49372
45700
23462
13817
9300
53176
32980
22133
37949
65047
19017
33430
4821
38417
62222
19566
34415
18552
49096
21856
48384
6429
62769
45178
28817
24615
36286
56626
32305
26595
58606
57416
18169
30719
20101
44341
17498
32814
6090
32373
56160
63420
1854
48343
10025
19833
36938
43042
54940
36900
35434
29624
62959
62234
62069
64246
1720
59955
42866
30989
43709
47635
65175
55592
15183
15506
45709
44075
25143
62222
3176
43901
28532
20265
6120
57945
4356
56667
23571
15181
60821
63668
31757
50187
45306
11265
38318
41216
28447
61058
25295
27170
2386
4660
31518
44449
63181
53987
30032
10726
34442
55492
41876
10329
18925
51951
18151
21692
53188
56912
4859
45844
31244
34957
59370
36575
59597
35930
41746
43921
58815
41472
44206
50843
47376
15235
32530
59540
29843
17506
20033
50124
49441
14731
26133
50453
38725
51893
61874
48548
41396
9182
920
34191
49881
34704
45534
25340
55312
37317
28882
50637
45616
7055
65318
18344
48498
39311
56506
18402
46886
1778
34682
47011
26582
5179
27645
12058
51571
49454
24738
34557
33829
41859
40239
27682
52926
34129
56758
37862
41665
26186
57599
57774
52388
11888
53273
22081
47334
63437
41284
37711
21165
62368
62347
1680
51810
52768
42263
599
28517
36621
60419
39995
51338
19662
39774
46825
61719
24642
35700
8549
46221
59562
39031
54687
34789
26047
3260
41190
64619
35367
32491
35941
39979
32339
36928
16668
56123
62406
40527
4958
20859
16112
28181
62620
16018
21099
20168
63761
15259
52717
57505
34817
21547
17843
62157
29474
49225
41183
8734
47717
27686
40593
37920
30544
64951
44671
22125
31795
19823
51919
17432
29320
21249
41561
33307
26221
29502
25655
33466
36416
21778
58398
24207
64140
60341
41615
13107
38511
4017
53483
4791
16793
47357
32665
4026
48327
61370
22745
46774
61225
42875
13508
8671
43031
39082
20380
4196
17224
34050
23126
32731
30967
13583
8986
9641
33947
34308
22555
29287
44826
34430
22316
6385
4654
28468
2040
12825
9450
5922
6659
17244
47800
52010
25320
40555
43350
29704
32980
42838
15706
3289
53566
43986
6639
17583
32976
42423
38416
261
16180
51607
16816
27025
33931
22192
65120
23045
26408
11094
11046
2213
37444
1799
22791
29286
56072
46415
1728
37894
21457
8565
5537
40032
14029
17905
16511
25676
62732
15151
30613
29980
36362
14930
57950
30016
47614
4571
37311
48185
38641
22120
60182
12531
25144
2186
13990
8476
19791
44366
54043
64099
60175
6256
37680
20723
51293
49377
5118
22075
1702
14714
10275
20851
50807
54125
10384
9553
43519
65003
23796
56771
512
20817
9829
25076
26752
31669
62616
3088
47892
19403
50079
13870
61345
42283
17266
64452
465
14665
22052
3720
55733
57918
9092
44383
13641
37615
7058
33272
15101
4721
19067
28252
56181
29255
58287
34050
49272
7962
54093
29881
28340
1325
2328
25402
62509
60614
33643
24311
64939
35191
32363
26537
16069
51629
37329
20143
33434
34045
38965
61898
35531
28319
31855
15641
42871
6624
9829
61987
486
18138
50856
64027
17498
43596
25094
28320
14547
64170
20984
65467
17946
31248
11891
48191
17154
10185
24568
58640
54047
40893
12145
37054
37654
51670
13123
50440
29893
25142
16304
60481
16811
5227
45824
24222
50138
4828
58813
8242
20519
26513
27412
3427
38675
36788
32612
58830
49521
38575
49466
64097
64125
56392
65027
35874
61141
61743
15754
3785
18249
43802
14414
49766
21370
23399
21285
17134
35709
17620
2189
26872
9504
19859
11290
56705
4442
62890
43086
8308
29981
48614
39347
6158
16022
3218
64787
919
16571
53761
28853
26407
13226
33591
54137
5620
52355
45906
18268
21968
35796
39132
22751
30380
57866
2348
49412
32002
24219
1420
32140
21415
3146
27300
20948
41324
11232
61006
19412
61196
47786
37232
43737
27318
43995
28220
43719
50658
18220
13925
52582
30973
38030
23474
30042
3119
14456
18249
6833
54853
18041
60397
18727
16365
48299
38167
37614
58127
64181
64225
61993
35253
17955
12532
56685
58983
31924
2061
58123
65269
26558
27993
41344
23294
45636
27800
48129
40711
35383
57424
11810
60469
13472
59911
31798
4502
55436
53942
27820
55082
1444
29765
40000
49672
52665
16357
41233
3366
64636
1252
64058
61686
8730
59442
34919
1539
56657
22719
12891
47577
29502
44
64706
43621
12248
46179
47426
55414
58638
46467
25498
7907
53445
12025
53054
11958
10118
6658
53833
33396
60030
36482
11849
43250
49257
1029
598
58304
31134
29609
9871
9184
13474
6997
58787
51754
49687
28289
47015
25760
45391
39002
59558
45233
8714
39139
5847
2212
8343
13055
46916
47615
32671
32340
64787
36978
10957
24006
42763
46661
10105
27807
2443
19819
32904
12508
49090
19634
20882
50056
32759
2079
61093
22584
47518
48051
43665
32067
44025
43495
10596
61196
11936
11326
12265
62625
15672
4530
61465
29199
43722
1496
25956
57617
544
33105
10006
55667
15689
2595
27343
39912
33112
48561
51656
31369
43705
16397
49396
1430
5221
4539
9021
34913
26404
57352
40227
52401
20481
57566
36731
59886
3164
33744
33514
27652
47403
23412
9315
41849
6097
54702
31673
61452
65518
13440
1290
16493
22805
56385
44192
30596
15192
60802
52927
33221
41098
51507
14944
28152
60480
27213
33587
5290
60433
57968
25707
45693
57011
1073
36719
15361
34213
46769
32686
14334
23604
16604
4998
9989
17976
20359
547
12233
33581
42678
23366
9755
30014
31786
8335
31299
565
58806
35909
3728
35783
41405
38902
60648
59403
45282
59918
58593
30722
46796
7318
63507
45923
12789
46420
21693
56467
12585
36990
23069
20472
62957
38749
38124
11551
46727
37907
55514
14444
36466
48935
5309
30693
20829
15126
28038
34548
59731
20960
47030
8793
50426
45297
60054
22741
35989
38072
29590
56582
23774
24441
58914
35631
31434
16948
56302
39233
15535
47953
40629
33187
32941
53625
34280
22883
51052
12707
41938
22977
4672
4670
13811
19090
11695
53996
18034
43108
43741
25686
30829
46431
37920
16116
14665
41035
55548
65035
40337
63665
35947
1599
21405
19368
48038
10417
4137
61639
52315
11672
7408
21624
48330
5935
42471
57936
10225
49264
41690
45517
49401
65126
55116
16352
54412
26424
7617
29286
55865
25516
50312
26167
58498
50942
5208
51007
51432
10706
35785
47658
48071
2019
275
25329
15093
49498
48331
26927
63343
16438
63476
15633
50912
1248
42154
27579
58164
43595
28254
51937
5426
46807
50259
20244
8531
31590
4567
51457
34946
18969
774
47676
39505
59959
36331
50173
63779
39671
5576
38920
9117
29657
15492
42971
50953
33461
9150
20121
36099
46658
65411
49413
39315
48056
59080
29386
61039
18327
60764
49985
41540
24757
26336
62528
8320
51677
3593
40326
7304
28095
62981
54579
17360
6886
8341
7132
4648
3581
16837
7962
7181
59536
17677
39587
8444
11605
9888
60376
52532
8594
29094
22761
7157
47476
28898
2324
14992
45959
52561
18863
59051
14821
56750
61898
57429
50931
25892
40498
55273
60201
32331
39001
33264
12890
13631
42425
17655
21765
5884
49537
28772
11714
10520
2403
38034
26743
12781
32557
32084
26659
35420
56567
24027
36351
26110
45033
59532
32937
20679
30665
42151
45365
49273
18025
46891
36300
59558
35603
14838
17117
22518
33420
60612
52375
20712
30068
42115
24291
52738
13215
4111
51884
58600
25951
47787
49149
60492
37360
15874
24029
49498
30394
17447
61149
39257
15326
53112
33892
30472
39404
36686
10021
6178
26884
16049
55567
43332
48418
58073
49301
58635
29726
35657
40699
18751
25222
6765
34589
35344
29383
54411
34976
23211
34992
35155
20684
29478
45130
17192
17994
37198
35985
29738
19658
8992
34558
42172
38992
41599
30357
3973
64210
10405
16890
19633
6556
55458
63182
63145
30422
55796
26399
59229
14160
21021
11849
31474
51405
11668
1983
60794
53921
22636
17921
399
13519
64804
31831
20293
55861
26428
48635
58005
7163
40682
15912
49134
49307
52914
20861
57755
56019
2518
26548
49960
5545
22361
18296
25958
13826
42774
50005
16375
45270
61771
2194
2382
21182
35709
13689
58643
51937
17298
56934
106
60476
4669
48706
7297
7516
58331
53729
1961
29660
47576
17550
42290
40666
6644
47337
20832
3599
45872
55975
10957
47861
21941
42387
59905
59933
51744
13083
23793
62804
59710
5040
37623
18241
11794
35462
6298
48999
11453
25458
62944
38351
10344
24900
12143
59542
60442
27230
24481
34644
64953
65112
14885
30970
57915
9706
59397
36061
3637
56070
44100
63223
4296
58718
2038
14054
51384
50398
4341
4161
63130
37614
9581
9870
11081
47679
61853
24357
571
7703
35245
50198
23337
17302
26754
36132
8486
27578
35701
47822
21919
20947
51881
25652
63406
39555
29733
20202
55843
30938
9647
30774
8376
56452
52244
65011
30111
45818
34653
62069
53165
41263
18314
32442
1508
47257
9751
45380
21080
19716
33569
8719
9093
23983
35467
24069
15246
18076
7041
51617
40887
21691
52265
21553
29394
45807
29105
9920
43768
11588
52044
13359
96
54529
39544
46833
18561
25126
5411
50450
12351
42824
35979
132
27100
53789
50880
22662
37457
61305
40572
58791
27922
2923
21976
15500
28801
49053
51883
32916
48980
27014
40736
59081
36737
4490
64683
57323
5399
8722
64332
28030
29112
60455
57567
9795
65524
1208
25891
37512
57171
19484
19514
1165
43476
57226
60454
7395
10658
56269
22386
17115
9267
12286
51390
32147
31526
24777
46599
3978
2435
1731
26613
50434
35068
42760
42735
6408
9728
51958
44588
48674
9615
40090
6603
2707
31853
55143
33097
40161
34757
17074
18679
57534
17052
49927
25687
3535
38138
4898
5590
44694
24759
33716
36765
40181
8074
31668
59946
55464
38302
32999
31115
23109
54985
6912
48740
32595
41442
6661
13852
23068
39059
31896
10792
52762
49705
6745
27522
12480
61411
11457
4485
10730
20736
4851
56372
53210
53010
7680
38555
50307
40803
39163
44994
15689
65462
34096
29849
61303
62106
62753
46333
29403
21819
33537
52839
42349
7440
59210
53587
22204
27311
11259
51295
9386
22353
49063
45690
9397
38748
49766
63964
8693
54632
13503
41153
53384
53543
16329
57496
3945
5160
3115
420
57843
26330
40396
1289
11982
298
57874
45946
2879
55230
43183
27715
43892
61327
6544
60501
17245
37171
34736
18711
50119
49870
18084
44924
31973
1588
37382
39778
7944
55317
12371
15869
11152
26598
31059
37321
51158
65027
57355
8279
43517
16810
19627
3937
59536
14808
4489
34863
14796
24147
22930
44027
21156
12364
48320
53894
51303
42853
31390
58117
3668
51111
24962
58370
56078
8854
62864
59976
44188
65505
13044
61977
1267
52468
42250
55028
55591
3281
16139
3401
4721
54860
52306
19639
46727
30136
13451
27056
42182
43740
40363
61398
58150
23728
30815
62615
20935
19538
11835
14469
41376
6092
53556
16085
31608
46761
19611
4860
33647
62697
3758
9503
64389
28787
29031
60664
8498
22672
47017
59548
28415
61823
52102
28332
57313
26453
63827
39778
26342
15891
15346
8790
32446
4251
50968
56738
596
61459
61244
47861
11745
41132
22955
59832
32602
60101
9500
32733
14748
63366
422
54875
8166
8483
41134
40986
60192
8408
37002
51109
22584
10712
11861
54755
6949
20733
28956
32946
40139
55133
42565
53141
5993
14853
58975
26887
19887
44505
54576
18678
59491
17161
52921
41477
11702
56245
48809
40104
47213
27489
46834
14873
35841
19719
48941
56096
6721
35460
65317
58476
50868
36158
11746
8581
12442
11407
20941
56643
5631
28097
16507
56
17729
33486
45961
52310
40615
54116
7651
15883
12783
48845
66
34759
41930
40925
16010
10823
6580
46508
49353
37764
20363
26536
29560
64791
21980
55511
57886
6718
62166
34813
12175
31488
9596
26717
65002
58950
52347
15307
63636
11621
41759
17009
37367
37349
24630
33236
14311
1874
49222
56039
47760
49179
9854
363
64777
15112
35493
46254
49701
44997
58915
40543
42586
23044
52056
11926
7846
58528
22803
6170
52895
38520
9336
37865
17242
62123
54740
58128
20555
8819
11731
10409
1073
45522
38790
26339
43411
13874
46500
22639
9697
16628
59017
61173
36549
15443
13960
17984
7224
18595
54275
58949
629
65511
51242
47841
59007
57136
29421
27335
56685
32147
19524
54895
28636
18664
31091
57250
19058
9801
24053
63816
55293
37011
64943
59639
23643
63307
38309
3984
36497
40341
37149
10021
36600
51304
1997
51677
14923
65092
22110
6827
46547
38597
33145
21704
64118
5715
52483
54552
38342
24473
59735
53382
45141
49777
63381
32431
10472
21398
22680
8374
41946
52067
12300
17324
22108
51461
62224
44037
1392
46153
30560
61271
47608
22472
16964
19044
34012
35035
19695
22079
61905
63417
56151
61407
29557
20923
8934
46176
51740
53027
25618
39266
44599
48694
21727
20232
35337
40020
40813
40943
55925
25616
7777
64949
38506
19066
1618
56857
22056
44850
28417
47172
39255
20296
38280
699
39709
15448
41545
60469
24620
58399
58877
850
47750
58126
4511
9679
43900
2734
22748
57193
1204
9388
11988
36201
16109
37462
7461
52719
59120
3855
22052
54322
39177
171
6323
31870
34755
58179
52913
28457
56693
21744
19180
16348
45094
63841
32988
27177
42540
7021
4994
62528
7774
27734
49668
45117
41631
10987
58367
54060
30088
4425
13686
24985
9692
46015
18184
46036
39699
8163
10930
45806
1822
64815
54416
630
31154
47534
4424
56572
33385
19236
40551
14863
53116
12349
37604
54922
6425
60251
56537
54105
58181
33520
42077
60989
52339
22169
10064
27385
47988
3690
26324
56542
28344
42915
20773
22593
46794
53530
576
37906
12608
26329
5923
3333
13810
63846
47842
57505
2190
52942
9812
24145
23233
43877
25490
62139
63869
15169
43297
17665
49287
3369
63201
476
58596
26936
29676
48275
30417
45580
37217
36166
61787
35904
7830
9650
30335
28295
16312
11574
17650
500
54441
63817
16153
30585
4925
33846
23320
39524
27151
43048
18602
28908
47160
41797
58610
252
20116
14977
31918
47555
22812
7854
52453
52978
20115
41420
63171
53979
62017
9416
43034
13688
43931
46808
58417
14722
23037
8961
39732
64280
64477
36118
30590
28245
10531
59609
31106
48406
27570
7018
35731
10996
24648
50115
45162
686
28826
14849
49212
64002
7753
49680
25309
46460
47470
39941
36854
32376
64768
9799
62196
65423
11183
47917
7520
47161
45348
6049
6697
25797
2609
41598
15546
32096
23214
51086
39612
10889
62850
9401
35914
12503
35677
38757
34612
50712
21201
21069
17569
30735
26901
17590
5903
5844
51775
61904
51189
21233
31304
50654
529
42836
63941
21836
56872
33394
39589
19406
26067
3376
11824
9702
63797
39757
20128
53546
19300
50380
61400
42674
54262
31693
11450
47658
64820
37765
29963
32432
15268
7357
23422
19439
32669
36888
39004
20807
55924
57047
13209
11557
43180
28193
50505
19401
26663
34630
60829
46390
34325
36606
27111
21951
48009
5931
58162
35416
64109
42890
57480
49426
54814
35611
21472
62013
48393
32617
28815
11862
10623
22806
52647
17475
12850
27616
63971
55488
1077
13425
21015
7999
58238
44406
6827
42135
18944
14504
4247
24689
47739
50388
9048
6687
23004
7455
5902
23591
33291
10395
63767
61018
19009
32046
43561
33802
40219
33590
6963
55822
29278
37150
3804
31300
21377
50389
23556
18170
36176
60904
28390
35799
36927
58131
33397
51752
41634
719
10873
45030
28281
5369
62781
31160
17795
5421
22857
29889
31945
46953
50503
60326
43660
27679
30103
46838
12493
51983
59646
4694
35336
14027
11290
39358
40729
10865
15978
15091
49923
31100
5052
64381
11752
11201
63050
10470
14757
63181
41107
35894
41777
24439
24242
43252
31130
39836
64931
48931
41220
33254
40897
64970
15243
28041
39224
3033
23881
33613
57727
14084
2784
23837
6117
22176
9293
48920
32255
56048
61278
42505
4745
58092
65465
6222
22335
19110
11345
39155
31707
58913
44507
46693
9343
61237
56660
50121
51810
44038
61268
35573
36592
36328
30444
28331
3024
16800
5026
40459
16896
6407
63360
19646
55090
50757
38683
23561
42918
61819
58222
4490
43886
54836
38713
50519
58732
54586
64828
21695
42985
64757
56417
27998
54043
42367
2349
53108
46451
49489
14984
43909
4170
50954
53689
34620
9648
42923
5191
15911
4666
7686
4256
60593
34733
31485
56925
58564
65453
36436
54965
19525
61538
18388
39842
9183
29877
30788
35455
12669
15923
47098
27620
31304
54439
57611
40019
34282
61133
59577
29254
52422
42141
54653
40081
18039
63205
26849
35328
45675
34120
7381
30484
41713
43955
50935
31408
39150
50939
32922
13589
15576
13876
64313
40841
28139
16153
50658
52474
984
14480
1127
16154
38624
64114
62337
13789
57223
17960
16756
9076
34616
42012
42999
10956
61237
36648
28035
23790
12500
64738
4372
51196
43517
43181
42736
31699
57554
35668
36525
29307
37470
43727
38196
63394
55166
49423
10474
18721
33279
63012
38113
60615
4034
11725
51684
46004
52084
53893
52251
54255
14189
64844
39358
33690
37160
49464
11570
22603
53029
59690
62308
32647
47539
52418
47182
64634
50683
64558
10124
8689
56140
22773
49241
53224
43462
183
43711
51271
20768
63000
37508
4307
45788
14393
23146
36661
28334
33318
41764
14668
34513
1535
15449
40565
28295
29584
19901
40928
35638
35744
31497
46307
19204
33014
18806
34501
1692
53732
26799
23528
10447
63946
11861
11948
6989
64761
504
18291
23643
3025
51955
17569
56443
14141
49354
3587
23712
57831
38287
52371
23504
29185
36498
37515
9920
145
13995
31855
37556
55290
19691
12322
44893
34097
1690
21982
30631
53596
47778
62936
65483
62697
23218
12072
25980
50628
29288
1819
34418
6283
43518
50615
14182
23651
24505
33666
62197
64277
58539
59195
8721
55085
19904
12013
45052
32931
54407
14469
24394
18920
9025
29006
44483
13263
77
9079
14047
55899
62943
11152
47544
55273
22174
32691
52427
60170
24118
19810
4301
1670
55509
39909
25027
3638
23964
3562
13142
40776
39195
26577
24776
58119
46494
10148
17036
6366
41584
41338
43350
35619
51300
32229
22800
53927
52356
4635
831
15125
63665
8398
24838
24174
4250
6580
36444
33853
1821
47789
58275
23082
45003
620
19872
23356
6581
4113
12107
55748
24174
55063
41525
35340
62012
25101
64147
37177
45938
49801
43181
12598
22160
12400
23493
59312
19948
20373
61297
14289
54802
4087
34245
56395
32304
15324
60151
3666
58887
1715
15454
11727
49969
61904
57711
62530
50758
10027
23408
34418
6144
10374
50404
1375
48829
61694
7543
34139
57509
39494
38929
44761
3469
21504
1888
24498
16556
15588
34643
53651
19674
4373
32949
31554
51486
59747
54411
49825
11912
39512
10376
54547
46789
60008
4559
36731
11121
33337
59557
15995
27889
31600
60476
26501
10985
65457
41461
31617
29719
56549
62804
53491
13966
2993
3627
5542
1794
17263
28323
23337
1462
8801
7173
18019
9349
37684
6320
54552
35585
49393
40145
46314
11963
35281
27491
43584
46549
20205
37630
58116
23655
46147
27502
60744
18652
16493
53984
3355
41983
20502
34140
50028
64957
58509
61428
61881
21332
387
29787
22559
11683
33285
41553
27939
14865
6741
16349
15521
56671
6606
59652
5576
10335
1986
51362
7034
23339
26146
12180
3756
34414
24475
13023
62469
37708
29275
42466
5399
62665
61281
47217
42626
57402
30313
52006
26389
14486
8767
4962
30048
25084
30441
58812
32932
12848
3312
48700
17587
55247
35102
49920
54689
16336
28936
48339
52485
36448
32839
41842
40630
14624
4913
32149
43761
13347
14371
43224
34804
9187
53833
43145
12614
19602
42642
29984
36823
56619
1918
24202
10133
35421
23714
59955
44493
13751
55759
32858
11112
36813
9611
9212
59287
27496
22926
4779
16011
29690
81
55120
21769
31994
27332
47420
10526
62085
50968
14729
12813
36970
49063
37012
47720
23277
30055
30182
34534
34732
26218
25350
40839
11207
9440
32544
7963
60076
47147
21265
31630
50537
34344
48306
32650
32937
51390
39478
10411
50878
53775
44232
19580
20083
53650
59609
36430
30314
60704
5340
6355
12830
29697
18649
17544
4464
48704
50279
59281
30
6587
8664
20750
63468
34553
15924
49508
55544
11296
9083
42644
30644
25226
54851
40945
27117
21939
26380
45942
25560
61179
62266
39165
61000
33543
3897
14546
48986
35244
11226
41926
4672
58061
2557
55200
32930
30512
59903
35603
19346
46802
24020
15708
55932
50277
5644
40672
55105
25133
39108
40522
34464
44324
3806
32936
20253
49889
